SM:2025-04-06T11:01:53.8422330Z
LM:2025-04-06T11:01:54.3184656Z
CT:image/jpeg
MA:604800
CL:29625
