SM:2025-04-06T10:53:18.7275232Z
LM:2025-04-06T10:53:19.2924770Z
CT:image/png
MA:604800
CL:272933
