SM:2025-04-06T10:56:20.5994979Z
LM:2025-04-06T10:56:21.9633352Z
CT:image/gif
MA:604800
CL:93502
