SM:2025-04-06T10:56:19.3287409Z
LM:2025-04-06T10:56:22.0325700Z
CT:image/jpeg
MA:604800
CL:65184
