SM:2025-04-06T10:56:21.4317301Z
LM:2025-04-06T10:56:22.0707191Z
CT:image/png
MA:604800
CL:272933
