SM:2025-04-06T10:56:19.7637992Z
LM:2025-04-06T10:56:22.0289113Z
CT:image/jpeg
MA:604800
CL:21809
