SM:2025-04-06T11:01:53.4316973Z
LM:2025-04-06T11:01:54.3660080Z
CT:image/png
MA:604800
CL:109476
