SM:2025-04-06T11:01:52.6435938Z
LM:2025-04-06T11:01:54.3143370Z
CT:image/jpeg
MA:604800
CL:53014
