SM:2025-04-06T11:01:53.0479652Z
LM:2025-04-06T11:01:54.3146849Z
CT:image/jpeg
MA:604800
CL:49895
