SM:2025-04-06T10:56:20.1736971Z
LM:2025-04-06T10:56:22.0432093Z
CT:image/jpeg
MA:604800
CL:65700
