SM:2025-04-06T12:53:20.6081805Z
LM:2025-04-06T12:53:21.8037461Z
CT:image/jpeg
MA:604800
CL:74797
