SM:2025-04-06T12:44:30.3199872Z
LM:2025-04-06T12:44:31.5146008Z
CT:image/jpeg
MA:604800
CL:48435
