SM:2025-04-06T10:53:18.3282177Z
LM:2025-04-06T10:53:19.2505019Z
CT:image/gif
MA:604800
CL:93502
