SM:2025-04-06T10:56:21.0000910Z
LM:2025-04-06T10:56:22.0127472Z
CT:image/jpeg
MA:604800
CL:79439
