SM:2025-04-06T12:54:30.8212656Z
LM:2025-04-06T12:54:31.9441209Z
CT:image/jpeg
MA:604800
CL:44575
