SM:2025-04-06T10:52:31.4899589Z
LM:2025-04-06T10:52:32.4097241Z
CT:image/jpeg
MA:604800
CL:65184
