SM:2025-04-06T12:55:48.2222727Z
LM:2025-04-06T12:55:48.8427144Z
CT:image/jpeg
MA:604800
CL:57625
